031005070008088
038063014091056
022067017047074
093052069029053
033066064019073
035063017048077
025058033014096
032087090066070
016004098072023
019074039029059
040029044017027
056098083062070
025091020060084
042066034077031
016008006050028
013006058039074
003015069005023
081065000085093
072007060042052
045064047053067
094021067000014
002075077015078
038025049099092
076035069004064
042096086084070
046007074065080
099012004038077
030090078094021
022015072052057
011067059003009
018017063053096
016076055005092
033082060051008
029099087095058
088015075061021
010024079028090
064043021048099
045085080071094
068039057050072
047060003062049
082092058016089
076090074061029
002072043069023
084038000004055
005064049078094
079060028045095
047002093089077
056018054097033
055091068058090
087037088035010
042076025015038
006034033088030
043010027026072
078066062014037
001065095054005
014000046072075
083002062076026
065085019018095
057045087051029
032037061034043
009075056060050
053081041055011
086054029085002
092006097046084
005000070003082
003015061094085
062007012010045
084066018033086
091019011022039
057016080026009
001069046098061
019007063056090
009003066038073
040049072000094
042023075089032
033059017015086
062096084002018
027063055003082
000089019073024
056093012087041
031056033003009
055052087057030
044089006005065
015053062051011
061035013004046
015084095088065
096018093014021
049040046001030
050064069080081
003019087009038
071068018081041
095026045024025
042073062036094
005061098099048
031055008001088
000073019012004
072022027059048
071026028066037
054087008002065
020060035032029
044041093076047
024033015014061
078049081067052
074073054023066
075010018003060
094095052023010
055014035044056
000049050060079
059054090067046
017081004037058
038029008079077
091098001068030
086013095046061
055036090042097
069007000093027
082005067040003
061016056068029
055020013015000
075028045017077
086085010002026
098073072043017
032041056046076
085007031069091
086021037040082
033057015039030
083018090075029
017073032088050
051099005023022
060047035042002
037086082014030
017047007054000
065083033011057
085016027075061
060090044069081
071073038046028
057079076091099
096020013034052
000021005047063
060062055029071
044059058078065
083030007001080
090002011041092
003027033010078
063075000038086
096076087067006
063019042056012
035089087013081
021023004016011
064078025092033
041010066068099
056076037018041
038027017050014
060023000006001
009008030093044
058099016046026
040077004096068
055021030024076
081058041091098
056046020078000
082029087067053
059033004018095
002052054096019
046072003043081
020097087055053
009080084076029
002025044064046
093035017084067
014048021073090
089062053054052
038059069045050
071096056057072
047039025015090
029065044003083
036030092059095
097086048074094
051091075025028
072056009021093
088032058024037
082048095053023
068020043084069
068075033039096
000065045027053
036071002091097
010082044041007
011042017026014
061036056006064
072010062077021
099073037038025
060007044043014
081059029019092
063049013031056
059076062083044
069024057040091
020041002055009
050060046015052
087090097053023
085067007071098
001022048082069
015021017091080
099057028094079
024025044095099
055097009018027
071037013052039
030003079014028
081062098022031
049090017065004
059042015014054
091055067058008
013061079032099
092028016072020
073047039094045
093053095071027
066040065037058
015061063050055
057008099090085
006045079009014
082012042038015
031071048005096
035081025063019
002090064022033
062056060029063
047033075077076
086007090034046
085003000016065
071044011040052
018019073067064
066085037010051
062046011040035
083069057001078
081048036006022
099000041081052
068031027030005
012062054043050
058036010055086
061069097022049
059018091086090
087020057061042
015099031032073
023089064096049
079047097019051
017046019020058
067029004008022
052018013034070
082073071095047
035028033042062
015016078099074
061081084072069
012011017062094
076063096042098
089064010032018
018021063089014
095005079019011
029082077059090
013003031046045
080037097078061
075009094011080
093027010002082
089032064052060
042056023020018
070078045076040
016098000094073
028013048090011
030043020009078
014039089004006
015063091045037
041055044002039
038014019072064
075095035006047
070007001029086
083079090096082
032029042060003
085093016041035
011090046013058
026019079030086
072056063018095
025071026035059
080021011024087
048029064066034
074083084060057
044030095020032
029060031002007
051078032045014
070006059033081
016026011038088
049074039046003
058091095021047
061052030002096
083019089009001
041064028023011
062055043060053
081015033004019
051097088070013
076038058028082
067003006022047
057041053031079
029042012064086
023000014028082
099063079009017
075073003045001
093052043054076
015070019003044
047060046093059
016087041030068
088009026045043
028049073098078
057030065022025
099021036047011
070083031073016
061077094093023
091026013087063
013058063004082
005089011039051
012043075097008
015056021000074
023066062070044
037025082080086
058089030091038
075040087050067
078004055000039
054064052096045
061057042074026
088048008013070
081069007097010
016023018055036
011046068039027
037085059041002
003029091087084
065018070078012
009080097019024
001075058013092
062008080034086
072006040057003
085082048084037
079029070021096
041005033032094
058021050007072
034071093035090
077043079055088
057012045095070
038009029037052
057026002022098
087004053017097
075025070062093
003009086033028
058050072027005
016015071064094
037056084032007
054099073020008
060019022070027
069083079048077
094038000031019
043058022093084
002088056013050
090068046095047
032059089042069
094060026063086
021064081047071
036032093020067
016010068039074
075099082027018
024031035082018
049016098090026
008064025087092
054076002022015
007050044094068
001031072028018
076093020004016
035054049030010
059032053062084
099052092075025
001075051022090
061083058063028
009005085043092
069008062093048
084031021082078
099006070073075
065053029031016
078061037090007
054064020035004
097044001010003
073050053024049
015056094082039
031040065079044
092070057095030
021074055003064
044042078031037
033069071024081
012007023008030
010009011068029
093028094063087
087053075085000
034052037049028
011072002086062
066017061046045
013096018099029
050076071010092
004099046039086
023094012073040
005070096043051
055061067018015
051088097058033
036012090053085
086005042006002
095057019034017
026001077078020
061017079097010
029065021055063
019088074062006
073076089033031
050030012022039
018094015017026
069037091030085
013067025084058
095090027082033
020056062004065
058019017083089
014082048036097
005046020050057
060092052085009
095034031053073
089047003015021
002010059076036
005024014030072
037077057048091
016009073094026
062001032085009
013052075034084
093024095051090
086035022072038
000046096088007
067080084034004
039011037047082
029063057086077
078064005032096
038069055087050
091026089087054
051043022068021
074062088038053
028092004039040
096097073072029
040083035005091
041045057094060
061031059047095
081089069025033
003036015093027
019049037014048
096055043006012
022021050047075
078040051091063
059087028093086
086044003054017
071082070088049
014043063076015
078081061022046
084065009029083
015028005045029
012019064093048
083040007099074
020030085067058
022021059076018
042001046008062
069027067068038
088035083014084
053085082029059
061073039074099
038032050009074
075066063003062
068015017098006
081029052088021
058002087096056
049012026089098
092069090050035
074040000087048
019047065042031
017003033028085
047064043073081
032049065042024
095093036078062
034096079010004
039054015017051
053032041016095
054047056069017
031000042066013
088009043038079
021008019098092
078043038075014
036062064045053
031096016046044
093011057056065
027003073074068
066023039013058
040085068050057
097037077028083
048029051084091
095001070078056
051074068089091
049054008083036
086065099028047
082057032081058
013066003094067
