00157
00148
00149
00146
00144
00145
00162
00163
00164
00166
00173
00186
00183
00164
00168
00175
00176
00172
00170
00183
00196
00204
00216
00224
00225
00228
00231
00215
00218
00225
00229
00230
00232
00238
00237
00240
00261
00263
00262
00257
00270
00278
00279
00280
00284
00299
00300
00311
00312
00311
00312
00326
00327
00326
00336
00338
00344
00350
00351
00352
00354
00373
00376
00382
00383
00381
00390
00396
00400
00408
00421
00422
00423
00428
00431
00432
00444
00437
00438
00458
00427
00413
00423
00425
00426
00424
00428
00443
00446
00459
00465
00478
00482
00485
00498
00522
00528
00535
00536
00528
00507
00525
00526
00528
00523
00527
00524
00525
00532
00534
00552
00551
00561
00563
00562
00568
00575
00577
00587
00588
00593
00594
00597
00600
00605
00607
00615
00611
00617
00618
00622
00644
00646
00634
00631
00635
00633
00636
00641
00643
00644
00645
00641
00659
00661
00659
00660
00683
00695
00696
00704
00705
00719
00720
00707
00722
00723
00727
00728
00730
00731
00740
00744
00733
00718
00711
00712
00720
00719
00729
00739
00748
00754
00759
00781
00797
00796
00802
00811
00812
00819
00815
00826
00828
00841
00844
00849
00888
00893
00895
00900
00901
00904
00905
00922
00921
00922
00938
00963
00971
00973
00983
00991
00994
01001
01023
01027
01035
01059
01060
01089
01098
01124
01125
01128
01122
01123
01113
01115
01113
01141
01146
01150
01151
01152
01153
01143
01144
01146
01162
01154
01153
01154
01165
01169
01168
01171
01178
01179
01180
01172
01176
01186
01188
01189
01188
01187
01192
01190
01189
01184
01194
01195
01200
01194
01206
01207
01216
01218
01186
01187
01184
01187
01190
01214
01239
01240
01250
01249
01277
01278
01279
01314
01316
01321
01345
01344
01351
01364
01367
01368
01370
01373
01365
01361
01355
01354
01365
01360
01358
01356
01357
01363
01364
01373
01377
01387
01381
01392
01396
01397
01399
01406
01410
01429
01430
01431
01437
01443
01448
01449
01465
01466
01461
01462
01464
01471
01488
01489
01490
01500
01502
01528
01549
01551
01552
01551
01543
01544
01543
01546
01547
01551
01555
01563
01539
01525
01524
01523
01548
01513
01522
01508
01507
01515
01498
01505
01504
01505
01506
01507
01510
01516
01520
01540
01547
01548
01547
01522
01523
01533
01561
01588
01589
01591
01592
01594
01596
01608
01624
01628
01638
01639
01641
01625
01627
01629
01648
01653
01678
01679
01699
01703
01697
01700
01698
01699
01715
01714
01716
01717
01720
01722
01721
01722
01716
01720
01742
01765
01767
01757
01756
01755
01761
01784
01785
01789
01798
01806
01809
01821
01822
01831
01826
01818
01817
01814
01815
01818
01819
01820
01827
01830
01831
01832
01840
01841
01842
01848
01849
01850
01851
01861
01863
01860
01861
01855
01863
01862
01864
01865
01887
01902
01925
01939
01945
01944
01943
01947
01964
01986
01987
01986
01989
01979
01984
01986
01994
01996
02001
02002
02005
02009
02022
02024
02025
02029
02013
02014
02017
02018
02017
02019
02020
02009
02007
02006
01982
01984
01986
01991
01994
01982
01991
01989
01995
01996
01997
01998
01997
02004
02005
02030
02062
02064
02076
02077
02079
02080
02084
02103
02104
02110
02104
02105
02106
02118
02124
02127
02125
02121
02127
02133
02135
02141
02139
02136
02138
02146
02140
02141
02156
02172
02181
02170
02173
02195
02194
02199
02203
02228
02230
02234
02204
02212
02214
02200
02201
02200
02197
02201
02204
02230
02240
02242
02255
02263
02271
02273
02274
02273
02277
02278
02285
02286
02297
02298
02297
02310
02313
02309
02311
02314
02322
02320
02316
02317
02339
02338
02350
02378
02379
02387
02391
02390
02391
02396
02398
02406
02425
02433
02430
02421
02422
02440
02449
02445
02466
02479
02477
02479
02485
02481
02490
02491
02492
02496
02508
02505
02487
02492
02493
02482
02499
02515
02516
02543
02574
02575
02577
02578
02569
02556
02554
02557
02559
02562
02571
02595
02596
02598
02599
02603
02602
02615
02614
02610
02623
02632
02626
02642
02643
02675
02681
02689
02706
02708
02713
02714
02703
02691
02692
02693
02700
02710
02711
02712
02711
02712
02716
02673
02674
02694
02715
02723
02736
02759
02768
02773
02767
02757
02752
02749
02752
02758
02753
02752
02754
02760
02791
02792
02803
02804
02797
02800
02797
02807
02811
02814
02816
02819
02837
02838
02843
02841
02848
02853
02859
02868
02854
02864
02845
02848
02831
02830
02829
02840
02838
02831
02836
02856
02854
02870
02863
02865
02866
02867
02895
02892
02893
02911
02909
02918
02923
02924
02893
02888
02892
02893
02898
02893
02920
02930
02931
02930
02926
02933
02939
02957
02964
02968
02969
02971
02985
02986
02990
02988
02977
02971
02970
02978
02964
02997
03007
03015
03013
03015
02998
03000
03024
03034
03045
03067
03073
03074
03075
03076
03084
03091
03089
03088
03095
03082
03085
03086
03082
03080
03096
03110
03113
03114
03117
03120
03125
03128
03129
03131
03130
03136
03130
03131
03138
03141
03147
03153
03152
03161
03162
03180
03183
03197
03203
03205
03195
03202
03209
03216
03217
03230
03235
03238
03245
03248
03269
03262
03266
03267
03268
03272
03265
03264
03268
03275
03276
03283
03277
03276
03277
03278
03298
03311
03314
03318
03327
03330
03333
03349
03353
03354
03347
03357
03359
03361
03390
03389
03398
03411
03418
03409
03422
03423
03425
03426
03442
03444
03457
03458
03459
03471
03454
03455
03457
03469
03470
03496
03495
03492
03509
03512
03511
03514
03513
03516
03519
03522
03533
03539
03541
03537
03547
03548
03552
03554
03556
03559
03560
03568
03571
03580
03582
03601
03602
03625
03623
03625
03633
03640
03655
03657
03659
03660
03659
03665
03666
03672
03698
03707
03706
03712
03713
03728
03727
03724
03747
03737
03733
03739
03736
03757
03758
03766
03768
03771
03776
03785
03782
03790
03792
03800
03779
03781
03782
03816
03824
03832
03831
03842
03848
03847
03848
03851
03840
03848
03849
03854
03871
03870
03872
03877
03885
03899
03908
03913
03914
03910
03909
03910
03926
03938
03951
03952
03949
03978
03980
03981
03984
03980
03981
04000
04001
04006
04007
04024
04039
04040
04048
04036
04041
04040
04052
04065
04068
04043
04048
04037
04043
04046
04048
04049
04056
04059
04063
04068
04080
04077
04075
04076
04069
04038
04037
04040
04027
04028
04034
04053
04057
04058
04061
04059
04064
04065
04069
04071
04073
04075
04077
04082
04096
04093
04104
04112
04105
04106
04109
04093
04100
04108
04109
04134
04135
04165
04146
04152
04162
04171
04173
04181
04184
04185
04189
04192
04196
04194
04209
04221
04222
04200
04217
04216
04217
04216
04221
04231
04227
04230
04227
04240
04241
04242
04222
04243
04248
04245
04236
04237
04256
04261
04248
04250
04254
04255
04258
04261
04262
04266
04274
04290
04291
04290
04312
04323
04336
04337
04333
04328
04330
04293
04297
04309
04327
04328
04356
04358
04332
04346
04347
04370
04379
04382
04391
04400
04398
04406
04417
04422
04420
04421
04426
04424
04420
04421
04422
04401
04402
04428
04437
04444
04448
04451
04452
04451
04454
04463
04468
04467
04476
04473
04477
04478
04482
04514
04515
04556
04559
04560
04559
04561
04563
04564
04562
04568
04577
04589
04590
04611
04599
04607
04595
04596
04583
04597
04595
04601
04602
04607
04608
04609
04633
04636
04647
04654
04655
04622
04623
04625
04651
04653
04654
04657
04661
04670
04677
04678
04679
04680
04678
04679
04682
04680
04678
04676
04678
04680
04678
04683
04689
04705
04716
04725
04723
04728
04729
04730
04746
04757
04755
04762
04791
04785
04787
04792
04793
04790
04793
04794
04807
04813
04804
04826
04827
04840
04878
04880
04883
04884
04875
04887
04889
04922
04929
04928
04933
04934
04945
04943
04944
04945
04947
04944
04957
04955
04956
04944
04946
04954
04961
04967
04981
04971
04980
04981
04989
04991
05000
05017
05016
05017
05016
05018
05032
05033
05038
05039
05041
05043
05059
05068
05070
05074
05075
05076
05088
05099
05100
05105
05122
05123
05124
05126
05118
05116
05121
05115
05125
05128
05133
05143
05142
05143
05150
05145
05146
05148
05154
05155
05166
05164
05180
05173
05168
05167
05169
05175
05176
05204
05203
05204
05206
05210
05204
05205
05206
05207
05205
05226
05233
05235
05239
05241
05242
05261
05266
05260
05268
05272
05278
05280
05281
05290
05295
05296
05306
05319
05344
05362
05364
05377
05381
05385
05368
05391
05392
05381
05397
05398
05405
05385
05395
05396
05401
05407
05408
05402
05400
05401
05404
05414
05415
05418
05427
05413
05408
05419
05440
05445
05444
05439
05443
05448
05449
05448
05475
05477
05481
05474
05476
05480
05497
05494
05496
05505
05506
05509
05517
05518
05521
05510
05511
05513
05514
05513
05528
05536
05523
05525
05526
05524
05525
05527
05528
05534
05538
05554
05560
05563
05564
05571
05586
05590
05596
05597
05603
05624
05599
05609
05599
05618
05620
05608
05623
05627
05629
05630
05632
05640
05637
05638
05643
05653
05650
05649
05658
05656
05654
05673
05672
05673
05675
05676
05677
05672
05682
05681
05680
05671
05674
05679
05685
05687
05691
05694
05718
05720
05721
05719
05716
05717
05719
05711
05712
05713
05712
05711
05712
05711
05704
05709
05710
05723
05720
05719
05720
05725
05724
05728
05729
05747
05745
05747
05748
05752
05749
05763
05766
05767
05775
05782
05784
05785
05787
05788
05787
05792
05787
05788
05787
05789
05792
05793
05820
05827
05843
05844
05864
05875
05877
05890
05895
05896
05909
05932
05944
05951
05960
05983
05996
06003
06028
06043
06046
06038
06053
06056
06069
06063
06059
06064
06065
06077
06075
06074
06075
06091
06108
06109
06103
06100
06108
06130
06131
06158
06162
06176
06166
06168
06170
06181
06180
06179
06180
06183
06184
06187
06186
06185
06182
06194
06190
06193
06222
06241
06243
06233
06222
06248
06250
06251
06265
06269
06270
06272
06285
06284
06280
06273
06286
06287
06292
06307
06311
06317
06316
06317
06316
06317
06314
06316
06291
06293
06323
06327
06328
06327
06322
06321
06330
06332
06335
06333
06351
06349
06346
06347
06346
06364
06374
06383
06395
06398
06406
06418
06419
06418
06413
06414
06415
06416
06399
06400
06401
06399
06382
06379
06380
06386
06387
06373
06372
06396
06397
06415
06423
06424
06433
06438
06445
06446
06447
06448
06450
06446
06464
06447
06452
06464
06466
06477
06491
06489
06490
06503
06528
06562
06564
06581
06579
06580
06594
06595
06609
06619
06621
06641
06648
06693
06686
06693
06677
06700
06706
06707
06710
06735
06745
06746
06747
06748
06750
06753
06755
06756
06759
06760
06771
06770
06775
06785
06788
06793
06796
06797
06806
06814
06821
06822
06823
06825
06827
06841
06846
06841
06834
06836
06837
06815
06824
06830
06837
06841
06834
06835
06836
06826
06841
06835
06795
06794
06795
06793
06794
06795
06804
06816
06817
06819
06830
06835
06840
06845
06853
06897
06896
06894
06896
06899
06897
06903
06886
06889
06890
06891
06890
06891
06894
06888
06905
06906
06916
06917
06921
06920
06924
06925
06939
06958
06968
06969
06974
06977
06975
06971
06963
06964
06974
06975
06976
06977
06971
06969
06977
07003
06985
06993
06997
06999
07000
07001
06999
07000
07004
07003
07017
07033
07053
07058
07066
07067
07064
07066
07062
07063
07088
07093
07096
07106
07110
07116
07124
07125
07128
07150
07152
07154
07159
07161
07162
07144
07176
07183
07185
07172
07208
07207
07222
07225
07226
07222
07210
07211
07212
07238
07231
07221
07236
07237
07234
07235
07253
07249
07253
07263
07260
07259
07260
07261
07263
07241
07243
07257
07260
07261
07275
07258
07263
07274
07279
07280
07289
07307
07289
07301
07307
07309
07317
07337
07360
07364
07375
07373
07377
07403
07415
07438
07439
07438
07442
07445
07446
07450
07452
07453
07460
07468
07472
07478
07474
07487
07486
07487
07488
07492
07510
07509
07506
07507
07512
07516
07519
07514
07525
07545
07553
07554
07560
07561
07560
07561
07564
07571
07601
07605
07628
07629
07642
07651
07682
07684
07685
07698
07699
07713
07734
07753
07755
07760
07767
07775
07776
07777
07760
07763
07770
07758
07769
07765
07772
07777
07774
07780
07781
07785
07783
07800
07801
07799
07804
07805
07814
07815
07801
07802
07803
07806
07808
07810
07816
07821
07796
07795
07793
07792
07769
07770
07777
07771
07772
07773
07775
07776
07778
07766
07767
07768
07774
07775
07780
07781
07782
07788
07791
07796
07798
07813
07814
07817
07824
07825
07826
07828
07843
07867
07870
07872
07875
07877
07878
07888
07893
07902
07904
07911
07914
07915
07919
07915
07945
07946
07952
07954
07931
07935
07936
07900
07915
07920
07911
07914
07925
07937
07942
07974
07976
07989
07993
08006
08007
08010
08016
08020
08026
